Computing mutual coherences in neighborhood of ...la
Computing mutual coherences in neighborhood of ...lp
Computing mutual coherences in neighborhood of ...lc
Computing mutual coherences in neighborhood of ...lt
Computing mutual coherences in neighborhood of ...ra
Computing mutual coherences in neighborhood of ...rp
Computing mutual coherences in neighborhood of ...rc
Computing mutual coherences in neighborhood of ...rt
Computing mutual coherences in neighborhood of ...bsred
Computing mutual coherences in neighborhood of ...lhipsurf
Computing mutual coherences in neighborhood of ...rhipsurf
subcortical neighborhood mutual coherence...0.92
Obtaining Forward Solutions for Best Cortical Regions
Adding in Forward Solutions for Subcortical Regions
  Columns 1 through 13

           1           1           1           2           2           2           3           3           3           4           4           4           5

  Columns 14 through 26

           5           5           6           6           6           7           7           7           8           8           8           9           9

  Columns 27 through 39

           9          10          10          10          11          11          11          12          12          12          13          13          13

  Columns 40 through 52

          14          14          14          15          15          15          16          16          16          17          17          17          18

  Columns 53 through 65

          18          18          19          19          19          20          20          20          21          21          21          22          22

  Columns 66 through 78

          22          23          23          23          24          24          24          25          25          25          26          26          26

  Columns 79 through 91

          27          27          27          28          28          28          29          29          29          30          30          30          31

  Columns 92 through 104

          31          31          32          32          32          33          33          33          34          34          34          35          35

  Columns 105 through 117

          35          36          36          36          37          37          37          38          38          38          39          39          39

  Columns 118 through 130

          40          40          40          41          41          41          42          42          42          43          43          43          44

  Columns 131 through 143

          44          44          45          45          45          46          46          46          47          47          47          48          48

  Columns 144 through 156

          48          49          49          49          50          50          50          51          51          51          52          52          52

  Columns 157 through 169

          53          53          53          54          54          54          55          55          55          56          56          56          57

  Columns 170 through 182

          57          57          58          58          58          59          59          59          60          60          60          61          61

  Columns 183 through 195

          61          62          62          62          63          63          63          64          64          64          65          65          65

  Columns 196 through 208

          66          66          66          67          67          67          68          68          68          69          69          69          70

  Columns 209 through 221

          70          70          71          71          71          72          72          72          73          73          73          74          74

  Columns 222 through 234

          74          75          75          75          76          76          76          77          77          77          78          78          78

  Columns 235 through 247

          79          79          79          80          80          80          81          81          81          82          82          82          83

  Columns 248 through 260

          83          83          84          84          84          85          85          85          86          86          86          87          87

  Columns 261 through 273

          87          88          88          88          89          89          89          90          90          90          91          91          91

  Columns 274 through 286

          92          92          92          93          93          93          94          94          94          95          95          95          96

  Columns 287 through 299

          96          96          97          97          97          98          98          98          99          99          99         100         100

  Columns 300 through 312

         100         101         101         101         102         102         102         103         103         103         104         104         104

  Columns 313 through 325

         105         105         105         106         106         106         107         107         107         108         108         108         109

  Columns 326 through 338

         109         109         110         110         110         111         111         111         112         112         112         113         113

  Columns 339 through 351

         113         114         114         114         115         115         115         116         116         116         117         117         117

  Columns 352 through 364

         118         118         118         119         119         119         120         120         120         121         121         121         122

  Columns 365 through 377

         122         122         123         123         123         124         124         124         125         125         125         126         126

  Columns 378 through 390

         126         127         127         127         128         128         128         129         129         129         130         130         130

  Columns 391 through 403

         131         131         131         132         132         132         133         133         133         134         134         134         135

  Columns 404 through 416

         135         135         136         136         136         137         137         137         138         138         138         139         139

  Columns 417 through 429

         139         140         140         140         141         141         141         142         142         142         143         143         143

  Columns 430 through 442

         144         144         144         145         145         145         146         146         146         147         147         147         148

  Columns 443 through 455

         148         148         149         149         149         150         150         150         151         151         151         152         152

  Columns 456 through 468

         152         153         153         153         154         154         154         155         155         155         156         156         156

  Columns 469 through 481

         157         157         157         158         158         158         159         159         159         160         160         160         161

  Columns 482 through 494

         161         161         162         162         162         163         163         163         164         164         164         165         165

  Columns 495 through 507

         165         166         166         166         167         167         167         168         168         168         169         169         169

  Columns 508 through 520

         170         170         170         171         171         171         172         172         172         173         173         173         174

  Columns 521 through 533

         174         174         175         175         175         176         176         176         177         177         177         178         178

  Columns 534 through 546

         178         179         179         179         180         180         180         181         181         181         182         182         182

  Columns 547 through 559

         183         183         183         184         184         184         185         185         185         186         186         186         187

  Columns 560 through 572

         187         187         188         188         188         189         189         189         190         190         190         191         191

  Columns 573 through 585

         191         192         192         192         193         193         193         194         194         194         195         195         195

  Columns 586 through 598

         196         196         196         197         197         197         198         198         198         199         199         199         200

  Columns 599 through 611

         200         200         201         201         201         202         202         202         203         203         203         204         204

  Columns 612 through 624

         204         205         205         205         206         206         206         207         207         207         208         208         208

  Columns 625 through 637

         209         209         209         210         210         210         211         211         211         212         212         212         213

  Columns 638 through 650

         213         213         214         214         214         215         215         215         216         216         216         217         217

  Columns 651 through 663

         217         218         218         218         219         219         219         220         220         220         221         221         221

  Columns 664 through 676

         222         222         222         223         223         223         224         224         224         225         225         225         226

  Columns 677 through 689

         226         226         227         227         227         228         228         228         229         229         229         230         230

  Columns 690 through 702

         230         231         231         231         232         232         232         233         233         233         234         234         234

  Columns 703 through 715

         235         235         235         236         236         236         237         237         237         238         238         238         239

  Columns 716 through 728

         239         239         240         240         240         241         241         241         242         242         242         243         243

  Columns 729 through 741

         243         244         244         244         245         245         245         246         246         246         247         247         247

  Columns 742 through 754

         248         248         248         249         249         249         250         250         250         251         251         251         252

  Columns 755 through 767

         252         252         253         253         253         254         254         254         255         255         255         256         256

  Columns 768 through 780

         256         257         257         257         258         258         258         259         259         259         260         260         260

  Columns 781 through 793

         261         261         261         262         262         262         263         263         263         264         264         264         265

  Columns 794 through 806

         265         265         266         266         266         267         267         267         268         268         268         269         269

  Columns 807 through 819

         269         270         270         270         271         271         271         272         272         272         273         273         273

  Columns 820 through 832

         274         274         274         275         275         275         276         276         276         277         277         277         278

  Columns 833 through 845

         278         278         279         279         279         280         280         280         281         281         281         282         282

  Columns 846 through 858

         282         283         283         283         284         284         284         285         285         285         286         286         286

  Columns 859 through 871

         287         287         287         288         288         288         289         289         289         290         290         290         291

  Columns 872 through 884

         291         291         292         292         292         293         293         293         294         294         294         295         295

  Columns 885 through 897

         295         296         296         296         297         297         297         298         298         298         299         299         299

  Columns 898 through 910

         300         300         300         301         301         301         302         302         302         303         303         303         304

  Columns 911 through 923

         304         304         305         305         305         306         306         306         307         307         307         308         308

  Columns 924 through 936

         308         309         309         309         310         310         310         311         311         311         312         312         312

  Columns 937 through 949

         313         313         313         314         314         314         315         315         315         316         316         316         317

  Columns 950 through 962

         317         317         318         318         318         319         319         319         320         320         320         321         321

  Columns 963 through 975

         321         322         322         322         323         323         323         324         324         324         325         325         325

  Columns 976 through 988

         326         326         326         327         327         327         328         328         328         329         329         329         330

  Columns 989 through 1001

         330         330         331         331         331         332         332         332         333         333         333         334         334

  Columns 1002 through 1014

         334         335         335         335         336         336         336         337         337         337         338         338         338

  Columns 1015 through 1027

         339         339         339         340         340         340         341         341         341         342         342         342         343

  Columns 1028 through 1040

         343         343         344         344         344         345         345         345         346         346         346         347         347

  Columns 1041 through 1053

         347         348         348         348         349         349         349         350         350         350         351         351         351

  Columns 1054 through 1066

         352         352         352         353         353         353         354         354         354         355         355         355         356

  Columns 1067 through 1079

         356         356         357         357         357         358         358         358         359         359         359         360         360

  Columns 1080 through 1092

         360         361         361         361         362         362         362         363         363         363         364         364         364

  Columns 1093 through 1105

         365         365         365         366         366         366         367         367         367         368         368         368         369

  Columns 1106 through 1118

         369         369         370         370         370         371         371         371         372         372         372         373         373

  Columns 1119 through 1131

         373         374         374         374         375         375         375         376         376         376         377         377         377

  Columns 1132 through 1144

         378         378         378         379         379         379         380         380         380         381         381         381         382

  Columns 1145 through 1157

         382         382         383         383         383         384         384         384         385         385         385         386         386

  Columns 1158 through 1170

         386         387         387         387         388         388         388         389         389         389         390         390         390

  Columns 1171 through 1183

         391         391         391         392         392         392         393         393         393         394         394         394         395

  Columns 1184 through 1196

         395         395         396         396         396         397         397         397         398         398         398         399         399

  Columns 1197 through 1209

         399         400         400         400         401         401         401         402         402         402         403         403         403

  Columns 1210 through 1222

         404         404         404         405         405         405         406         406         406         407         407         407         408

  Columns 1223 through 1235

         408         408         409         409         409         410         410         410         411         411         411         412         412

  Columns 1236 through 1248

         412         413         413         413         414         414         414         415         415         415         416         416         416

  Columns 1249 through 1261

         417         417         417         418         418         418         419         419         419         420         420         420         421

  Columns 1262 through 1274

         421         421         422         422         422         423         423         423         424         424         424         425         425

  Columns 1275 through 1287

         425         426         426         426         427         427         427         428         428         428         429         429         429

  Columns 1288 through 1300

         430         430         430         431         431         431         432         432         432         433         433         433         434

  Columns 1301 through 1313

         434         434         435         435         435         436         436         436         437         437         437         438         438

  Columns 1314 through 1326

         438         439         439         439         440         440         440         441         441         441         442         442         442

  Columns 1327 through 1339

         443         443         443         444         444         444         445         445         445         446         446         446         447

  Columns 1340 through 1352

         447         447         448         448         448         449         449         449         450         450         450         451         451

  Columns 1353 through 1365

         451         452         452         452         453         453         453         454         454         454         455         455         455

  Columns 1366 through 1378

         456         456         456         457         457         457         458         458         458         459         459         459         460

  Columns 1379 through 1391

         460         460         461         461         461         462         462         462         463         463         463         464         464

  Columns 1392 through 1404

         464         465         465         465         466         466         466         467         467         467         468         468         468

  Columns 1405 through 1417

         469         469         469         470         470         470         471         471         471         472         472         472         473

  Columns 1418 through 1430

         473         473         474         474         474         475         475         475         476         476         476         477         477

  Columns 1431 through 1443

         477         478         478         478         479         479         479         480         480         480         481         481         481

  Columns 1444 through 1456

         482         482         482         483         483         483         484         484         484         485         485         485         486

  Columns 1457 through 1469

         486         486         487         487         487         488         488         488         489         489         489         490         490

  Columns 1470 through 1482

         490         491         491         491         492         492         492         493         493         493         494         494         494

  Columns 1483 through 1495

         495         495         495         496         496         496         497         497         497         498         498         498         499

  Columns 1496 through 1508

         499         499         500         500         500         501         501         501         502         502         502         503         503

  Columns 1509 through 1521

         503         504         504         504         505         505         505         506         506         506         507         507         507

  Columns 1522 through 1534

         508         508         508         509         509         509         510         510         510         511         511         511         512

  Columns 1535 through 1547

         512         512         513         513         513         514         514         514         515         515         515         516         516

  Columns 1548 through 1560

         516         517         517         517         518         518         518         519         519         519         520         520         520

  Columns 1561 through 1573

         521         521         521         522         522         522         523         523         523         524         524         524         525

  Columns 1574 through 1586

         525         525         526         526         526         527         527         527         528         528         528         529         529

  Columns 1587 through 1599

         529         530         530         530         531         531         531         532         532         532         533         533         533

  Columns 1600 through 1612

         534         534         534         535         535         535         536         536         536         537         537         537         538

  Columns 1613 through 1625

         538         538         539         539         539         540         540         540         541         541         541         542         542

  Columns 1626 through 1638

         542         543         543         543         544         544         544         545         545         545         546         546         546

  Columns 1639 through 1651

         547         547         547         548         548         548         549         549         549         550         550         550         551

  Columns 1652 through 1664

         551         551         552         552         552         553         553         553         554         554         554         555         555

  Columns 1665 through 1677

         555         556         556         556         557         557         557         558         558         558         559         559         559

  Columns 1678 through 1690

         560         560         560         561         561         561         562         562         562         563         563         563         564

  Columns 1691 through 1703

         564         564         565         565         565         566         566         566         567         567         567         568         568

  Columns 1704 through 1716

         568         569         569         569         570         570         570         571         571         571         572         572         572

  Columns 1717 through 1729

         573         573         573         574         574         574         575         575         575         576         576         576         577

  Columns 1730 through 1742

         577         577         578         578         578         579         579         579         580         580         580         581         581

  Columns 1743 through 1755

         581         582         582         582         583         583         583         584         584         584         585         585         585

  Columns 1756 through 1768

         586         586         586         587         587         587         588         588         588         589         589         589         590

  Columns 1769 through 1781

         590         590         591         591         591         592         592         592         593         593         593         594         594

  Columns 1782 through 1794

         594         595         595         595         596         596         596         597         597         597         598         598         598

  Columns 1795 through 1807

         599         599         599         600         600         600         601         601         601         602         602         602         603

  Columns 1808 through 1820

         603         603         604         604         604         605         605         605         606         606         606         607         607

  Columns 1821 through 1833

         607         608         608         608         609         609         609         610         610         610         611         611         611

  Columns 1834 through 1846

         612         612         612         613         613         613         614         614         614         615         615         615         616

  Columns 1847 through 1859

         616         616         617         617         617         618         618         618         619         619         619         620         620

  Columns 1860 through 1872

         620         621         621         621         622         622         622         623         623         623         624         624         624

  Columns 1873 through 1885

         625         625         625         626         626         626         627         627         627         628         628         628         629

  Columns 1886 through 1898

         629         629         630         630         630         631         631         631         632         632         632         633         633

  Columns 1899 through 1911

         633         634         634         634         635         635         635         636         636         636         637         637         637

  Columns 1912 through 1924

         638         638         638         639         639         639         640         640         640         641         641         641         642

  Columns 1925 through 1937

         642         642         643         643         643         644         644         644         645         645         645         646         646

  Columns 1938 through 1950

         646         647         647         647         648         648         648         649         649         649         650         650         650

  Columns 1951 through 1963

         651         651         651         652         652         652         653         653         653         654         654         654         655

  Columns 1964 through 1976

         655         655         656         656         656         657         657         657         658         658         658         659         659

  Columns 1977 through 1989

         659         660         660         660         661         661         661         662         662         662         663         663         663

  Columns 1990 through 2002

         664         664         664         665         665         665         666         666         666         667         667         667         668

  Columns 2003 through 2015

         668         668         669         669         669         670         670         670         671         671         671         672         672

  Columns 2016 through 2028

         672         673         673         673         674         674         674         675         675         675         676         676         676

  Columns 2029 through 2041

         677         677         677         678         678         678         679         679         679         680         680         680         681

  Columns 2042 through 2054

         681         681         682         682         682         683         683         683         684         684         684         685         685

  Columns 2055 through 2067

         685         686         686         686         687         687         687         688         688         688         689         689         689

  Columns 2068 through 2080

         690         690         690         691         691         691         692         692         692         693         693         693         694

  Columns 2081 through 2093

         694         694         695         695         695         696         696         696         697         697         697         698         698

  Columns 2094 through 2106

         698         699         699         699         700         700         700         701         701         701         702         702         702

  Columns 2107 through 2119

         703         703         703         704         704         704         705         705         705         706         706         706         707

  Columns 2120 through 2132

         707         707         708         708         708         709         709         709         710         710         710         711         711

  Columns 2133 through 2145

         711         712         712         712         713         713         713         714         714         714         715         715         715

  Columns 2146 through 2158

         716         716         716         717         717         717         718         718         718         719         719         719         720

  Columns 2159 through 2171

         720         720         721         721         721         722         722         722         723         723         723         724         724

  Columns 2172 through 2184

         724         725         725         725         726         726         726         727         727         727         728         728         728

  Columns 2185 through 2197

         729         729         729         730         730         730         731         731         731         732         732         732         733

  Columns 2198 through 2210

         733         733         734         734         734         735         735         735         736         736         736         737         737

  Columns 2211 through 2223

         737         738         738         738         739         739         739         740         740         740         741         741         741

  Columns 2224 through 2236

         742         742         742         743         743         743         744         744         744         745         745         745         746

  Columns 2237 through 2249

         746         746         747         747         747         748         748         748         749         749         749         750         750

  Columns 2250 through 2262

         750         751         751         751         752         752         752         753         753         753         754         754         754

  Columns 2263 through 2275

         755         755         755         756         756         756         757         757         757         758         758         758         759

  Columns 2276 through 2288

         759         759         760         760         760         761         761         761         762         762         762         763         763

  Columns 2289 through 2301

         763         764         764         764         765         765         765         766         766         766         767         767         767

  Columns 2302 through 2314

         768         768         768         769         769         769         770         770         770         771         771         771         772

  Columns 2315 through 2327

         772         772         773         773         773         774         774         774         775         775         775         776         776

  Columns 2328 through 2340

         776         777         777         777         778         778         778         779         779         779         780         780         780

  Columns 2341 through 2353

         781         781         781         782         782         782         783         783         783         784         784         784         785

  Columns 2354 through 2366

         785         785         786         786         786         787         787         787         788         788         788         789         789

  Columns 2367 through 2379

         789         790         790         790         791         791         791         792         792         792         793         793         793

  Columns 2380 through 2392

         794         794         794         795         795         795         796         796         796         797         797         797         798

  Columns 2393 through 2405

         798         798         799         799         799         800         800         800         801         801         801         802         802

  Columns 2406 through 2418

         802         803         803         803         804         804         804         805         805         805         806         806         806

  Columns 2419 through 2431

         807         807         807         808         808         808         809         809         809         810         810         810         811

  Columns 2432 through 2444

         811         811         812         812         812         813         813         813         814         814         814         815         815

  Columns 2445 through 2457

         815         816         816         816         817         817         817         818         818         818         819         819         819

  Columns 2458 through 2470

         820         820         820         821         821         821         822         822         822         823         823         823         824

  Columns 2471 through 2483

         824         824         825         825         825         826         826         826         827         827         827         828         828

  Columns 2484 through 2496

         828         829         829         829         830         830         830         831         831         831         832         832         832

  Columns 2497 through 2509

         833         833         833         834         834         834         835         835         835         836         836         836         837

  Columns 2510 through 2522

         837         837         838         838         838         839         839         839         840         840         840         841         841

  Columns 2523 through 2535

         841         842         842         842         843         843         843         844         844         844         845         845         845

  Columns 2536 through 2548

         846         846         846         847         847         847         848         848         848         849         849         849         850

  Columns 2549 through 2561

         850         850         851         851         851         852         852         852         853         853         853         854         854

  Columns 2562 through 2574

         854         855         855         855         856         856         856         857         857         857         858         858         858

  Columns 2575 through 2587

         859         859         859         860         860         860         861         861         861         862         862         862         863

  Columns 2588 through 2600

         863         863         864         864         864         865         865         865         866         866         866         867         867

  Columns 2601 through 2613

         867         868         868         868         869         869         869         870         870         870         871         871         871

  Columns 2614 through 2626

         872         872         872         873         873         873         874         874         874         875         875         875         876

  Columns 2627 through 2639

         876         876         877         877         877         878         878         878         879         879         879         880         880

  Columns 2640 through 2652

         880         881         881         881         882         882         882         883         883         883         884         884         884

  Columns 2653 through 2665

         885         885         885         886         886         886         887         887         887         888         888         888         889

  Columns 2666 through 2678

         889         889         890         890         890         891         891         891         892         892         892         893         893

  Columns 2679 through 2691

         893         894         894         894         895         895         895         896         896         896         897         897         897

  Columns 2692 through 2704

         898         898         898         899         899         899         900         900         900         901         901         901         902

  Columns 2705 through 2717

         902         902         903         903         903         904         904         904         905         905         905         906         906

  Columns 2718 through 2730

         906         907         907         907         908         908         908         909         909         909         910         910         910

  Columns 2731 through 2743

         911         911         911         912         912         912         913         913         913         914         914         914         915

  Columns 2744 through 2756

         915         915         916         916         916         917         917         917         918         918         918         919         919

  Columns 2757 through 2769

         919         920         920         920         921         921         921         922         922         922         923         923         923

  Columns 2770 through 2782

         924         924         924         925         925         925         926         926         926         927         927         927         928

  Columns 2783 through 2795

         928         928         929         929         929         930         930         930         931         931         931         932         932

  Columns 2796 through 2808

         932         933         933         933         934         934         934         935         935         935         936         936         936

  Columns 2809 through 2821

         937         937         937         938         938         938         939         939         939         940         940         940         941

  Columns 2822 through 2834

         941         941         942         942         942         943         943         943         944         944         944         945         945

  Columns 2835 through 2847

         945         946         946         946         947         947         947         948         948         948         949         949         949

  Columns 2848 through 2860

         950         950         950         951         951         951         952         952         952         953         953         953         954

  Columns 2861 through 2873

         954         954         955         955         955         956         956         956         957         957         957         958         958

  Columns 2874 through 2886

         958         959         959         959         960         960         960         961         961         961         962         962         962

  Columns 2887 through 2899

         963         963         963         964         964         964         965         965         965         966         966         966         967

  Columns 2900 through 2912

         967         967         968         968         968         969         969         969         970         970         970         971         971

  Columns 2913 through 2925

         971         972         972         972         973         973         973         974         974         974         975         975         975

  Columns 2926 through 2938

         976         976         976         977         977         977         978         978         978         979         979         979         980

  Columns 2939 through 2951

         980         980         981         981         981         982         982         982         983         983         983         984         984

  Columns 2952 through 2964

         984         985         985         985         986         986         986         987         987         987         988         988         988

  Columns 2965 through 2977

         989         989         989         990         990         990         991         991         991         992         992         992         993

  Columns 2978 through 2990

         993         993         994         994         994         995         995         995         996         996         996         997         997

  Columns 2991 through 3003

         997         998         998         998         999         999         999        1000        1000        1000        1001        1001        1001

  Columns 3004 through 3016

        1002        1002        1002        1003        1003        1003        1004        1004        1004        1005        1005        1005        1006

  Columns 3017 through 3029

        1006        1006        1007        1007        1007        1008        1008        1008        1009        1009        1009        1010        1010

  Columns 3030 through 3042

        1010        1011        1011        1011        1012        1012        1012        1013        1013        1013        1014        1014        1014

  Columns 3043 through 3055

        1015        1015        1015        1016        1016        1016        1017        1017        1017        1018        1018        1018        1019

  Columns 3056 through 3068

        1019        1019        1020        1020        1020        1021        1021        1021        1022        1022        1022        1023        1023

  Columns 3069 through 3081

        1023        1024        1024        1024        1025        1025        1025        1026        1026        1026        1027        1027        1027

  Columns 3082 through 3094

        1028        1028        1028        1029        1029        1029        1030        1030        1030        1031        1031        1031        1032

  Columns 3095 through 3107

        1032        1032        1033        1033        1033        1034        1034        1034        1035        1035        1035        1036        1036

  Columns 3108 through 3120

        1036        1037        1037        1037        1038        1038        1038        1039        1039        1039        1040        1040        1040

  Columns 3121 through 3133

        1041        1041        1041        1042        1042        1042        1043        1043        1043        1044        1044        1044        1045

  Columns 3134 through 3146

        1045        1045        1046        1046        1046        1047        1047        1047        1048        1048        1048        1049        1049

  Columns 3147 through 3159

        1049        1050        1050        1050        1051        1051        1051        1052        1052        1052        1053        1053        1053

  Columns 3160 through 3172

        1054        1054        1054        1055        1055        1055        1056        1056        1056        1057        1057        1057        1058

  Columns 3173 through 3185

        1058        1058        1059        1059        1059        1060        1060        1060        1061        1061        1061        1062        1062

  Columns 3186 through 3198

        1062        1063        1063        1063        1064        1064        1064        1065        1065        1065        1066        1066        1066

  Columns 3199 through 3211

        1067        1067        1067        1068        1068        1068        1069        1069        1069        1070        1070        1070        1071

  Columns 3212 through 3224

        1071        1071        1072        1072        1072        1073        1073        1073        1074        1074        1074        1075        1075

  Columns 3225 through 3237

        1075        1076        1076        1076        1077        1077        1077        1078        1078        1078        1079        1079        1079

  Columns 3238 through 3250

        1080        1080        1080        1081        1081        1081        1082        1082        1082        1083        1083        1083        1084

  Columns 3251 through 3263

        1084        1084        1085        1085        1085        1086        1086        1086        1087        1087        1087        1088        1088

  Columns 3264 through 3276

        1088        1089        1089        1089        1090        1090        1090        1091        1091        1091        1092        1092        1092

  Columns 3277 through 3289

        1093        1093        1093        1094        1094        1094        1095        1095        1095        1096        1096        1096        1097

  Columns 3290 through 3302

        1097        1097        1098        1098        1098        1099        1099        1099        1100        1100        1100        1101        1101

  Columns 3303 through 3315

        1101        1102        1102        1102        1103        1103        1103        1104        1104        1104        1105        1105        1105

  Columns 3316 through 3328

        1106        1106        1106        1107        1107        1107        1108        1108        1108        1109        1109        1109        1110

  Columns 3329 through 3341

        1110        1110        1111        1111        1111        1112        1112        1112        1113        1113        1113        1114        1114

  Columns 3342 through 3354

        1114        1115        1115        1115        1116        1116        1116        1117        1117        1117        1118        1118        1118

  Columns 3355 through 3367

        1119        1119        1119        1120        1120        1120        1121        1121        1121        1122        1122        1122        1123

  Columns 3368 through 3380

        1123        1123        1124        1124        1124        1125        1125        1125        1126        1126        1126        1127        1127

  Columns 3381 through 3393

        1127        1128        1128        1128        1129        1129        1129        1130        1130        1130        1131        1131        1131

  Columns 3394 through 3406

        1132        1132        1132        1133        1133        1133        1134        1134        1134        1135        1135        1135        1136

  Columns 3407 through 3419

        1136        1136        1137        1137        1137        1138        1138        1138        1139        1139        1139        1140        1140

  Columns 3420 through 3432

        1140        1141        1141        1141        1142        1142        1142        1143        1143        1143        1144        1144        1144

  Columns 3433 through 3445

        1145        1145        1145        1146        1146        1146        1147        1147        1147        1148        1148        1148        1149

  Columns 3446 through 3458

        1149        1149        1150        1150        1150        1151        1151        1151        1152        1152        1152        1153        1153

  Columns 3459 through 3471

        1153        1154        1154        1154        1155        1155        1155        1156        1156        1156        1157        1157        1157

  Columns 3472 through 3484

        1158        1158        1158        1159        1159        1159        1160        1160        1160        1161        1161        1161        1162

  Columns 3485 through 3497

        1162        1162        1163        1163        1163        1164        1164        1164        1165        1165        1165        1166        1166

  Columns 3498 through 3510

        1166        1167        1167        1167        1168        1168        1168        1169        1169        1169        1170        1170        1170

  Columns 3511 through 3523

        1171        1171        1171        1172        1172        1172        1173        1173        1173        1174        1174        1174        1175

  Columns 3524 through 3536

        1175        1175        1176        1176        1176        1177        1177        1177        1178        1178        1178        1179        1179

  Columns 3537 through 3549

        1179        1180        1180        1180        1181        1181        1181        1182        1182        1182        1183        1183        1183

  Columns 3550 through 3562

        1184        1184        1184        1185        1185        1185        1186        1186        1186        1187        1187        1187        1188

  Columns 3563 through 3575

        1188        1188        1189        1189        1189        1190        1190        1190        1191        1191        1191        1192        1192

  Columns 3576 through 3588

        1192        1193        1193        1193        1194        1194        1194        1195        1195        1195        1196        1196        1196

  Columns 3589 through 3601

        1197        1197        1197        1198        1198        1198        1199        1199        1199        1200        1200        1200        1201

  Columns 3602 through 3614

        1201        1201        1202        1202        1202        1203        1203        1203        1204        1204        1204        1205        1205

  Columns 3615 through 3627

        1205        1206        1206        1206        1207        1207        1207        1208        1208        1208        1209        1209        1209

  Columns 3628 through 3640

        1210        1210        1210        1211        1211        1211        1212        1212        1212        1213        1213        1213        1214

  Columns 3641 through 3653

        1214        1214        1215        1215        1215        1216        1216        1216        1217        1217        1217        1218        1218

  Columns 3654 through 3666

        1218        1219        1219        1219        1220        1220        1220        1221        1221        1221        1222        1222        1222

  Columns 3667 through 3679

        1223        1223        1223        1224        1224        1224        1225        1225        1225        1226        1226        1226        1227

  Columns 3680 through 3692

        1227        1227        1228        1228        1228        1229        1229        1229        1230        1230        1230        1231        1231

  Columns 3693 through 3705

        1231        1232        1232        1232        1233        1233        1233        1234        1234        1234        1235        1235        1235

  Columns 3706 through 3718

        1236        1236        1236        1237        1237        1237        1238        1238        1238        1239        1239        1239        1240

  Columns 3719 through 3731

        1240        1240        1241        1241        1241        1242        1242        1242        1243        1243        1243        1244        1244

  Columns 3732 through 3744

        1244        1245        1245        1245        1246        1246        1246        1247        1247        1247        1248        1248        1248

  Columns 3745 through 3757

        1249        1249        1249        1250        1250        1250        1251        1251        1251        1252        1252        1252        1253

  Columns 3758 through 3770

        1253        1253        1254        1254        1254        1255        1255        1255        1256        1256        1256        1257        1257

  Columns 3771 through 3783

        1257        1258        1258        1258        1259        1259        1259        1260        1260        1260        1261        1261        1261

  Columns 3784 through 3796

        1262        1262        1262        1263        1263        1263        1264        1264        1264        1265        1265        1265        1266

  Columns 3797 through 3809

        1266        1266        1267        1267        1267        1268        1268        1268        1269        1269        1269        1270        1270

  Columns 3810 through 3822

        1270        1271        1271        1271        1272        1272        1272        1273        1273        1273        1274        1274        1274

  Columns 3823 through 3835

        1275        1275        1275        1276        1276        1276        1277        1277        1277        1278        1278        1278        1279

  Columns 3836 through 3848

        1279        1279        1280        1280        1280        1281        1281        1281        1282        1282        1282        1283        1283

  Columns 3849 through 3861

        1283        1284        1284        1284        1285        1286        1287        1288        1289        1290        1291        1292        1293

  Columns 3862 through 3874

        1294        1295        1296        1297        1298        1299        1300        1301        1302        1303        1304        1305        1306

  Columns 3875 through 3887

        1307        1308        1309        1310        1311        1312        1313        1314        1315        1316        1317        1318        1319

  Columns 3888 through 3900

        1320        1321        1322        1323        1324        1325        1326        1327        1328        1329        1330        1331        1332

  Columns 3901 through 3913

        1333        1334        1335        1336        1337        1338        1339        1340        1341        1342        1343        1344        1345

  Columns 3914 through 3926

        1346        1347        1348        1349        1350        1351        1352        1353        1354        1355        1356        1357        1358

  Columns 3927 through 3939

        1359        1360        1361        1362        1363        1364        1365        1366        1367        1368        1369        1370        1371

  Columns 3940 through 3952

        1372        1373        1374        1375        1376        1377        1378        1379        1380        1381        1382        1383        1384

  Columns 3953 through 3965

        1385        1386        1387        1388        1389        1390        1391        1392        1393        1394        1395        1396        1397

  Columns 3966 through 3978

        1398        1399        1400        1401        1402        1403        1404        1405        1406        1407        1408        1409        1410

  Columns 3979 through 3991

        1411        1412        1413        1414        1415        1416        1417        1418        1419        1420        1421        1422        1423

  Columns 3992 through 4004

        1424        1425        1426        1427        1428        1429        1430        1431        1432        1433        1434        1435        1436

  Columns 4005 through 4017

        1437        1438        1439        1440        1441        1442        1443        1444        1445        1446        1447        1448        1449

  Columns 4018 through 4030

        1450        1451        1452        1453        1454        1455        1456        1457        1458        1459        1460        1461        1462

  Columns 4031 through 4043

        1463        1464        1465        1466        1467        1468        1469        1470        1471        1472        1473        1474        1475

  Columns 4044 through 4056

        1476        1477        1478        1479        1480        1481        1482        1483        1484        1485        1486        1487        1488

  Columns 4057 through 4069

        1489        1490        1491        1492        1493        1494        1495        1496        1497        1498        1499        1500        1501

  Columns 4070 through 4082

        1502        1503        1504        1505        1506        1507        1508        1509        1510        1511        1512        1513        1514

  Columns 4083 through 4095

        1515        1516        1517        1518        1519        1520        1521        1522        1523        1524        1525        1526        1527

  Columns 4096 through 4108

        1528        1529        1530        1531        1532        1533        1534        1535        1536        1537        1538        1539        1540

  Columns 4109 through 4121

        1541        1542        1543        1544        1545        1546        1547        1548        1549        1550        1551        1552        1553

  Columns 4122 through 4134

        1554        1555        1556        1557        1558        1559        1560        1561        1562        1563        1564        1565        1566

  Columns 4135 through 4147

        1567        1568        1569        1570        1571        1572        1573        1574        1575        1576        1577        1578        1579

  Columns 4148 through 4160

        1580        1581        1582        1583        1584        1585        1586        1587        1588        1589        1590        1591        1592

  Columns 4161 through 4173

        1593        1594        1595        1596        1597        1598        1599        1600        1601        1602        1603        1604        1605

  Columns 4174 through 4186

        1606        1607        1608        1609        1610        1611        1612        1613        1614        1615        1616        1617        1618

  Columns 4187 through 4199

        1619        1620        1621        1622        1623        1624        1625        1626        1627        1628        1629        1630        1631

  Columns 4200 through 4212

        1632        1633        1634        1635        1636        1637        1638        1639        1640        1641        1642        1643        1644

  Columns 4213 through 4225

        1645        1646        1647        1648        1649        1650        1651        1652        1653        1654        1655        1656        1657

  Columns 4226 through 4238

        1658        1659        1660        1661        1662        1663        1664        1665        1666        1667        1668        1669        1670

  Columns 4239 through 4251

        1671        1672        1673        1674        1675        1676        1677        1678        1679        1680        1681        1682        1683

  Columns 4252 through 4264

        1684        1685        1686        1687        1688        1689        1690        1691        1692        1693        1694        1695        1696

  Columns 4265 through 4277

        1697        1698        1699        1700        1701        1702        1703        1704        1705        1706        1707        1708        1709

  Columns 4278 through 4290

        1710        1711        1712        1713        1714        1715        1716        1717        1718        1719        1720        1721        1722

  Columns 4291 through 4303

        1723        1724        1725        1726        1727        1728        1729        1730        1731        1732        1733        1734        1735

  Columns 4304 through 4316

        1736        1737        1738        1739        1740        1741        1742        1743        1744        1745        1746        1747        1748

  Columns 4317 through 4329

        1749        1750        1751        1752        1753        1754        1755        1756        1757        1758        1759        1760        1761

  Columns 4330 through 4342

        1762        1763        1764        1765        1766        1767        1768        1769        1770        1771        1772        1773        1774

  Columns 4343 through 4355

        1775        1776        1777        1778        1779        1780        1781        1782        1783        1784        1785        1786        1787

  Columns 4356 through 4368

        1788        1789        1790        1791        1792        1793        1794        1795        1796        1797        1798        1799        1800

  Columns 4369 through 4381

        1801        1802        1803        1804        1805        1806        1807        1808        1809        1810        1811        1812        1813

  Columns 4382 through 4394

        1814        1815        1816        1817        1818        1819        1820        1821        1822        1823        1824        1825        1826

  Columns 4395 through 4407

        1827        1828        1829        1830        1831        1832        1833        1834        1835        1836        1837        1838        1839

  Columns 4408 through 4420

        1840        1841        1842        1843        1844        1845        1846        1847        1848        1849        1850        1851        1852

  Columns 4421 through 4433

        1853        1854        1855        1856        1857        1858        1859        1860        1861        1862        1863        1864        1865

  Columns 4434 through 4446

        1866        1867        1868        1869        1870        1871        1872        1873        1874        1875        1876        1877        1878

  Columns 4447 through 4459

        1879        1880        1881        1882        1883        1884        1885        1886        1887        1888        1889        1890        1891

  Columns 4460 through 4472

        1892        1893        1894        1895        1896        1897        1898        1899        1900        1901        1902        1903        1904

  Columns 4473 through 4485

        1905        1906        1907        1908        1909        1910        1911        1912        1913        1914        1915        1916        1917

  Columns 4486 through 4498

        1918        1919        1920        1921        1922        1923        1924        1925        1926        1927        1928        1929        1930

  Columns 4499 through 4511

        1931        1932        1933        1934        1935        1936        1937        1938        1939        1940        1941        1942        1943

  Columns 4512 through 4524

        1944        1945        1946        1947        1948        1949        1950        1951        1952        1953        1954        1955        1956

  Columns 4525 through 4537

        1957        1958        1959        1960        1961        1962        1963        1964        1965        1966        1967        1968        1969

  Columns 4538 through 4550

        1970        1971        1972        1973        1974        1975        1976        1977        1978        1979        1980        1981        1982

  Columns 4551 through 4563

        1983        1984        1985        1986        1987        1988        1989        1990        1991        1992        1993        1994        1995

  Columns 4564 through 4576

        1996        1997        1998        1999        2000        2001        2002        2003        2004        2005        2006        2007        2008

  Columns 4577 through 4589

        2009        2010        2011        2012        2013        2014        2015        2016        2017        2018        2019        2020        2021

  Columns 4590 through 4602

        2022        2023        2024        2025        2026        2027        2028        2029        2030        2031        2032        2033        2034

  Columns 4603 through 4615

        2035        2036        2037        2038        2039        2040        2041        2042        2043        2044        2045        2046        2047

  Columns 4616 through 4619

        2048        2049        2050        2051

Formatting Measurement to Study
Estimation of Source Currents in Joint Cortical-Subcortical SourceSpace
         196        3397        2329        2446           4        2458         793        2656

        1459        3397        2656        2458        2329         793         721         584

        1459        3397        2329        2656        2054        2458         584         793

        1459        3397        2329        2656        2458        2054         793         584

converged per residual error min.
final hybrid solution:487  1133   886   820   777   265   241   195
