Computing mutual coherences in neighborhood of ...la
Computing mutual coherences in neighborhood of ...lp
Computing mutual coherences in neighborhood of ...lc
Computing mutual coherences in neighborhood of ...lt
Computing mutual coherences in neighborhood of ...ra
Computing mutual coherences in neighborhood of ...rp
Computing mutual coherences in neighborhood of ...rc
Computing mutual coherences in neighborhood of ...rt
Computing mutual coherences in neighborhood of ...bsred
Computing mutual coherences in neighborhood of ...lhipsurf
Computing mutual coherences in neighborhood of ...rhipsurf
subcortical neighborhood mutual coherence...0.85
Obtaining Forward Solutions for Best Cortical Regions
Adding in Forward Solutions for Subcortical Regions
  Columns 1 through 13

           1           1           2           2           3           3           4           4           5           5           6           6           7

  Columns 14 through 26

           7           8           8           9           9          10          10          11          11          12          12          13          13

  Columns 27 through 39

          14          14          15          15          16          16          17          17          18          18          19          19          20

  Columns 40 through 52

          20          21          21          22          22          23          23          24          24          25          25          26          26

  Columns 53 through 65

          27          27          28          28          29          29          30          30          31          31          32          32          33

  Columns 66 through 78

          33          34          34          35          35          36          36          37          37          38          38          39          39

  Columns 79 through 91

          40          40          41          41          42          42          43          43          44          44          45          45          46

  Columns 92 through 104

          46          47          47          48          48          49          49          50          50          51          51          52          52

  Columns 105 through 117

          53          53          54          54          55          55          56          56          57          57          58          58          59

  Columns 118 through 130

          59          60          60          61          61          62          62          63          63          64          64          65          65

  Columns 131 through 143

          66          66          67          67          68          68          69          69          70          70          71          71          72

  Columns 144 through 156

          72          73          73          74          74          75          75          76          76          77          77          78          78

  Columns 157 through 169

          79          79          80          80          81          81          82          82          83          83          84          84          85

  Columns 170 through 182

          85          86          86          87          87          88          88          89          89          90          90          91          91

  Columns 183 through 195

          92          92          93          93          94          94          95          95          96          96          97          97          98

  Columns 196 through 208

          98          99          99         100         100         101         101         102         102         103         103         104         104

  Columns 209 through 221

         105         105         106         106         107         107         108         108         109         109         110         110         111

  Columns 222 through 234

         111         112         112         113         113         114         114         115         115         116         116         117         117

  Columns 235 through 247

         118         118         119         119         120         120         121         121         122         122         123         123         124

  Columns 248 through 260

         124         125         125         126         126         127         127         128         128         129         129         130         130

  Columns 261 through 273

         131         131         132         132         133         133         134         134         135         135         136         136         137

  Columns 274 through 286

         137         138         138         139         139         140         140         141         141         142         142         143         143

  Columns 287 through 299

         144         144         145         145         146         146         147         147         148         148         149         149         150

  Columns 300 through 312

         150         151         151         152         152         153         153         154         154         155         155         156         156

  Columns 313 through 325

         157         157         158         158         159         159         160         160         161         161         162         162         163

  Columns 326 through 338

         163         164         164         165         165         166         166         167         167         168         168         169         169

  Columns 339 through 351

         170         170         171         171         172         172         173         173         174         174         175         175         176

  Columns 352 through 364

         176         177         177         178         178         179         179         180         180         181         181         182         182

  Columns 365 through 377

         183         183         184         184         185         185         186         186         187         187         188         188         189

  Columns 378 through 390

         189         190         190         191         191         192         192         193         193         194         194         195         195

  Columns 391 through 403

         196         196         197         197         198         198         199         199         200         200         201         201         202

  Columns 404 through 416

         202         203         203         204         204         205         205         206         206         207         207         208         208

  Columns 417 through 429

         209         209         210         210         211         211         212         212         213         213         214         214         215

  Columns 430 through 442

         215         216         216         217         217         218         218         219         219         220         220         221         221

  Columns 443 through 455

         222         222         223         223         224         224         225         225         226         226         227         227         228

  Columns 456 through 468

         228         229         229         230         230         231         231         232         232         233         233         234         234

  Columns 469 through 481

         235         235         236         236         237         237         238         238         239         239         240         240         241

  Columns 482 through 494

         241         242         242         243         243         244         244         245         245         246         246         247         247

  Columns 495 through 507

         248         248         249         249         250         250         251         251         252         252         253         253         254

  Columns 508 through 520

         254         255         255         256         256         257         257         258         258         259         259         260         260

  Columns 521 through 533

         261         261         262         262         263         263         264         264         265         265         266         266         267

  Columns 534 through 546

         267         268         268         269         269         270         270         271         271         272         272         273         273

  Columns 547 through 559

         274         274         275         275         276         276         277         277         278         278         279         279         280

  Columns 560 through 572

         280         281         281         282         282         283         283         284         284         285         285         286         286

  Columns 573 through 585

         287         287         288         288         289         289         290         290         291         291         292         292         293

  Columns 586 through 598

         293         294         294         295         295         296         296         297         297         298         298         299         299

  Columns 599 through 611

         300         300         301         301         302         302         303         303         304         304         305         305         306

  Columns 612 through 624

         306         307         307         308         308         309         309         310         310         311         311         312         312

  Columns 625 through 637

         313         313         314         314         315         315         316         316         317         317         318         318         319

  Columns 638 through 650

         319         320         320         321         321         322         322         323         323         324         324         325         325

  Columns 651 through 663

         326         326         327         327         328         328         329         329         330         330         331         331         332

  Columns 664 through 676

         332         333         333         334         334         335         335         336         336         337         337         338         338

  Columns 677 through 689

         339         339         340         340         341         341         342         342         343         343         344         344         345

  Columns 690 through 702

         345         346         346         347         347         348         348         349         349         350         350         351         351

  Columns 703 through 715

         352         352         353         353         354         354         355         355         356         356         357         357         358

  Columns 716 through 728

         358         359         359         360         360         361         361         362         362         363         363         364         364

  Columns 729 through 741

         365         365         366         366         367         367         368         368         369         369         370         370         371

  Columns 742 through 754

         371         372         372         373         373         374         374         375         375         376         376         377         377

  Columns 755 through 767

         378         378         379         379         380         380         381         381         382         382         383         383         384

  Columns 768 through 780

         384         385         385         386         386         387         387         388         388         389         389         390         390

  Columns 781 through 793

         391         391         392         392         393         393         394         394         395         395         396         396         397

  Columns 794 through 806

         397         398         398         399         399         400         400         401         401         402         402         403         403

  Columns 807 through 819

         404         404         405         405         406         406         407         407         408         408         409         409         410

  Columns 820 through 832

         410         411         411         412         412         413         413         414         414         415         415         416         416

  Columns 833 through 845

         417         417         418         418         419         419         420         420         421         421         422         422         423

  Columns 846 through 858

         423         424         424         425         425         426         426         427         427         428         428         429         429

  Columns 859 through 871

         430         430         431         431         432         432         433         433         434         434         435         435         436

  Columns 872 through 884

         436         437         437         438         438         439         439         440         440         441         441         442         442

  Columns 885 through 897

         443         443         444         444         445         445         446         446         447         447         448         448         449

  Columns 898 through 910

         449         450         450         451         451         452         452         453         453         454         454         455         455

  Columns 911 through 923

         456         456         457         457         458         458         459         459         460         460         461         461         462

  Columns 924 through 936

         462         463         463         464         464         465         465         466         466         467         467         468         468

  Columns 937 through 949

         469         469         470         470         471         471         472         472         473         473         474         474         475

  Columns 950 through 962

         475         476         476         477         477         478         478         479         479         480         480         481         481

  Columns 963 through 975

         482         482         483         483         484         484         485         485         486         486         487         487         488

  Columns 976 through 988

         488         489         489         490         490         491         491         492         492         493         493         494         494

  Columns 989 through 1001

         495         495         496         496         497         497         498         498         499         499         500         500         501

  Columns 1002 through 1014

         501         502         502         503         503         504         504         505         505         506         506         507         507

  Columns 1015 through 1027

         508         508         509         509         510         510         511         511         512         512         513         513         514

  Columns 1028 through 1040

         514         515         515         516         516         517         517         518         518         519         519         520         520

  Columns 1041 through 1053

         521         521         522         522         523         523         524         524         525         525         526         526         527

  Columns 1054 through 1066

         527         528         528         529         529         530         530         531         531         532         532         533         533

  Columns 1067 through 1079

         534         534         535         535         536         536         537         537         538         538         539         539         540

  Columns 1080 through 1092

         540         541         541         542         542         543         543         544         544         545         545         546         546

  Columns 1093 through 1105

         547         547         548         548         549         549         550         550         551         551         552         552         553

  Columns 1106 through 1118

         553         554         554         555         555         556         556         557         557         558         558         559         559

  Columns 1119 through 1131

         560         560         561         561         562         562         563         563         564         564         565         565         566

  Columns 1132 through 1144

         566         567         567         568         568         569         569         570         570         571         571         572         572

  Columns 1145 through 1157

         573         573         574         574         575         575         576         576         577         577         578         578         579

  Columns 1158 through 1170

         579         580         580         581         581         582         582         583         583         584         584         585         585

  Columns 1171 through 1183

         586         586         587         587         588         588         589         589         590         590         591         591         592

  Columns 1184 through 1196

         592         593         593         594         594         595         595         596         596         597         597         598         598

  Columns 1197 through 1209

         599         599         600         600         601         601         602         602         603         603         604         604         605

  Columns 1210 through 1222

         605         606         606         607         607         608         608         609         609         610         610         611         611

  Columns 1223 through 1235

         612         612         613         613         614         614         615         615         616         616         617         617         618

  Columns 1236 through 1248

         618         619         619         620         620         621         621         622         622         623         623         624         624

  Columns 1249 through 1261

         625         625         626         626         627         627         628         628         629         629         630         630         631

  Columns 1262 through 1274

         631         632         632         633         633         634         634         635         635         636         636         637         637

  Columns 1275 through 1287

         638         638         639         639         640         640         641         641         642         642         643         643         644

  Columns 1288 through 1300

         644         645         645         646         646         647         647         648         648         649         649         650         650

  Columns 1301 through 1313

         651         651         652         652         653         653         654         654         655         655         656         656         657

  Columns 1314 through 1326

         657         658         658         659         659         660         660         661         661         662         662         663         663

  Columns 1327 through 1339

         664         664         665         665         666         666         667         667         668         668         669         669         670

  Columns 1340 through 1352

         670         671         671         672         672         673         673         674         674         675         675         676         676

  Columns 1353 through 1365

         677         677         678         678         679         679         680         680         681         681         682         682         683

  Columns 1366 through 1378

         683         684         684         685         685         686         686         687         687         688         688         689         689

  Columns 1379 through 1391

         690         690         691         691         692         692         693         693         694         694         695         695         696

  Columns 1392 through 1404

         696         697         697         698         698         699         699         700         700         701         701         702         702

  Columns 1405 through 1417

         703         703         704         704         705         705         706         706         707         707         708         708         709

  Columns 1418 through 1430

         709         710         710         711         711         712         712         713         713         714         714         715         715

  Columns 1431 through 1443

         716         716         717         717         718         718         719         719         720         720         721         721         722

  Columns 1444 through 1456

         722         723         723         724         724         725         725         726         726         727         727         728         728

  Columns 1457 through 1469

         729         729         730         730         731         731         732         732         733         733         734         734         735

  Columns 1470 through 1482

         735         736         736         737         737         738         738         739         739         740         740         741         741

  Columns 1483 through 1495

         742         742         743         743         744         744         745         745         746         746         747         747         748

  Columns 1496 through 1508

         748         749         749         750         750         751         751         752         752         753         753         754         754

  Columns 1509 through 1521

         755         755         756         756         757         757         758         758         759         759         760         760         761

  Columns 1522 through 1534

         761         762         762         763         763         764         764         765         765         766         766         767         767

  Columns 1535 through 1547

         768         768         769         769         770         770         771         771         772         772         773         773         774

  Columns 1548 through 1560

         774         775         775         776         776         777         777         778         778         779         779         780         780

  Columns 1561 through 1573

         781         781         782         782         783         783         784         784         785         785         786         786         787

  Columns 1574 through 1586

         787         788         788         789         789         790         790         791         791         792         792         793         793

  Columns 1587 through 1599

         794         794         795         795         796         796         797         797         798         798         799         799         800

  Columns 1600 through 1612

         800         801         801         802         802         803         803         804         804         805         805         806         806

  Columns 1613 through 1625

         807         807         808         808         809         809         810         810         811         811         812         812         813

  Columns 1626 through 1638

         813         814         814         815         815         816         816         817         817         818         818         819         819

  Columns 1639 through 1651

         820         820         821         821         822         822         823         823         824         824         825         825         826

  Columns 1652 through 1664

         826         827         827         828         828         829         829         830         830         831         831         832         832

  Columns 1665 through 1677

         833         833         834         834         835         835         836         836         837         837         838         838         839

  Columns 1678 through 1690

         839         840         840         841         841         842         842         843         843         844         844         845         845

  Columns 1691 through 1703

         846         846         847         847         848         848         849         849         850         850         851         851         852

  Columns 1704 through 1716

         852         853         853         854         854         855         855         856         856         857         857         858         858

  Columns 1717 through 1729

         859         859         860         860         861         861         862         862         863         863         864         864         865

  Columns 1730 through 1742

         865         866         866         867         867         868         868         869         869         870         870         871         871

  Columns 1743 through 1755

         872         872         873         873         874         874         875         875         876         876         877         877         878

  Columns 1756 through 1768

         878         879         879         880         880         881         881         882         882         883         883         884         884

  Columns 1769 through 1781

         885         885         886         886         887         887         888         888         889         889         890         890         891

  Columns 1782 through 1794

         891         892         892         893         893         894         894         895         895         896         896         897         897

  Columns 1795 through 1807

         898         898         899         899         900         900         901         901         902         902         903         903         904

  Columns 1808 through 1820

         904         905         905         906         906         907         907         908         908         909         909         910         910

  Columns 1821 through 1833

         911         911         912         912         913         913         914         914         915         915         916         916         917

  Columns 1834 through 1846

         917         918         918         919         919         920         920         921         921         922         922         923         923

  Columns 1847 through 1859

         924         924         925         925         926         926         927         927         928         928         929         929         930

  Columns 1860 through 1872

         930         931         931         932         932         933         933         934         934         935         935         936         936

  Columns 1873 through 1885

         937         937         938         938         939         939         940         940         941         941         942         942         943

  Columns 1886 through 1898

         943         944         944         945         945         946         946         947         947         948         948         949         949

  Columns 1899 through 1911

         950         950         951         951         952         952         953         953         954         954         955         955         956

  Columns 1912 through 1924

         956         957         957         958         958         959         959         960         960         961         961         962         962

  Columns 1925 through 1937

         963         963         964         964         965         965         966         966         967         967         968         968         969

  Columns 1938 through 1950

         969         970         970         971         971         972         972         973         973         974         974         975         975

  Columns 1951 through 1963

         976         976         977         977         978         978         979         979         980         980         981         981         982

  Columns 1964 through 1976

         982         983         983         984         984         985         985         986         986         987         987         988         988

  Columns 1977 through 1989

         989         989         990         990         991         991         992         992         993         993         994         994         995

  Columns 1990 through 2002

         995         996         996         997         997         998         998         999         999        1000        1000        1001        1001

  Columns 2003 through 2015

        1002        1002        1003        1003        1004        1004        1005        1005        1006        1006        1007        1007        1008

  Columns 2016 through 2028

        1008        1009        1009        1010        1010        1011        1011        1012        1012        1013        1013        1014        1014

  Columns 2029 through 2041

        1015        1015        1016        1016        1017        1017        1018        1018        1019        1019        1020        1020        1021

  Columns 2042 through 2054

        1021        1022        1022        1023        1023        1024        1024        1025        1025        1026        1026        1027        1027

  Columns 2055 through 2067

        1028        1028        1029        1029        1030        1030        1031        1031        1032        1032        1033        1033        1034

  Columns 2068 through 2080

        1034        1035        1035        1036        1036        1037        1037        1038        1038        1039        1039        1040        1040

  Columns 2081 through 2093

        1041        1041        1042        1042        1043        1043        1044        1044        1045        1045        1046        1046        1047

  Columns 2094 through 2106

        1047        1048        1048        1049        1049        1050        1050        1051        1051        1052        1052        1053        1053

  Columns 2107 through 2119

        1054        1054        1055        1055        1056        1056        1057        1057        1058        1058        1059        1059        1060

  Columns 2120 through 2132

        1060        1061        1061        1062        1062        1063        1063        1064        1064        1065        1065        1066        1066

  Columns 2133 through 2145

        1067        1067        1068        1068        1069        1069        1070        1070        1071        1071        1072        1072        1073

  Columns 2146 through 2158

        1073        1074        1074        1075        1075        1076        1076        1077        1077        1078        1078        1079        1079

  Columns 2159 through 2171

        1080        1080        1081        1081        1082        1082        1083        1083        1084        1084        1085        1085        1086

  Columns 2172 through 2184

        1086        1087        1087        1088        1088        1089        1089        1090        1090        1091        1091        1092        1092

  Columns 2185 through 2197

        1093        1093        1094        1094        1095        1095        1096        1096        1097        1097        1098        1098        1099

  Columns 2198 through 2210

        1099        1100        1100        1101        1101        1102        1102        1103        1103        1104        1104        1105        1105

  Columns 2211 through 2223

        1106        1106        1107        1107        1108        1108        1109        1109        1110        1110        1111        1111        1112

  Columns 2224 through 2236

        1112        1113        1113        1114        1114        1115        1115        1116        1116        1117        1117        1118        1118

  Columns 2237 through 2249

        1119        1119        1120        1120        1121        1121        1122        1122        1123        1123        1124        1124        1125

  Columns 2250 through 2262

        1125        1126        1126        1127        1127        1128        1128        1129        1129        1130        1130        1131        1131

  Columns 2263 through 2275

        1132        1132        1133        1133        1134        1134        1135        1135        1136        1136        1137        1137        1138

  Columns 2276 through 2288

        1138        1139        1139        1140        1140        1141        1141        1142        1142        1143        1143        1144        1144

  Columns 2289 through 2301

        1145        1145        1146        1146        1147        1147        1148        1148        1149        1149        1150        1150        1151

  Columns 2302 through 2314

        1151        1152        1152        1153        1153        1154        1154        1155        1155        1156        1156        1157        1157

  Columns 2315 through 2327

        1158        1158        1159        1159        1160        1160        1161        1161        1162        1162        1163        1163        1164

  Columns 2328 through 2340

        1164        1165        1165        1166        1166        1167        1167        1168        1168        1169        1169        1170        1170

  Columns 2341 through 2353

        1171        1171        1172        1172        1173        1173        1174        1174        1175        1175        1176        1176        1177

  Columns 2354 through 2366

        1177        1178        1178        1179        1179        1180        1180        1181        1181        1182        1182        1183        1183

  Columns 2367 through 2379

        1184        1184        1185        1185        1186        1186        1187        1187        1188        1188        1189        1189        1190

  Columns 2380 through 2392

        1190        1191        1191        1192        1192        1193        1193        1194        1194        1195        1195        1196        1196

  Columns 2393 through 2405

        1197        1197        1198        1198        1199        1199        1200        1200        1201        1201        1202        1202        1203

  Columns 2406 through 2418

        1203        1204        1204        1205        1205        1206        1206        1207        1207        1208        1208        1209        1209

  Columns 2419 through 2431

        1210        1210        1211        1211        1212        1212        1213        1213        1214        1214        1215        1215        1216

  Columns 2432 through 2444

        1216        1217        1217        1218        1218        1219        1219        1220        1220        1221        1221        1222        1222

  Columns 2445 through 2457

        1223        1223        1224        1224        1225        1225        1226        1226        1227        1227        1228        1228        1229

  Columns 2458 through 2470

        1229        1230        1230        1231        1231        1232        1232        1233        1233        1234        1234        1235        1235

  Columns 2471 through 2483

        1236        1236        1237        1237        1238        1238        1239        1239        1240        1240        1241        1241        1242

  Columns 2484 through 2496

        1242        1243        1243        1244        1244        1245        1245        1246        1246        1247        1247        1248        1248

  Columns 2497 through 2509

        1249        1249        1250        1250        1251        1251        1252        1252        1253        1253        1254        1254        1255

  Columns 2510 through 2522

        1255        1256        1256        1257        1257        1258        1258        1259        1259        1260        1260        1261        1261

  Columns 2523 through 2535

        1262        1262        1263        1263        1264        1264        1265        1265        1266        1266        1267        1267        1268

  Columns 2536 through 2548

        1268        1269        1269        1270        1270        1271        1271        1272        1272        1273        1273        1274        1274

  Columns 2549 through 2561

        1275        1275        1276        1276        1277        1277        1278        1278        1279        1279        1280        1280        1281

  Columns 2562 through 2574

        1281        1282        1282        1283        1283        1284        1284        1285        1286        1287        1288        1289        1290

  Columns 2575 through 2587

        1291        1292        1293        1294        1295        1296        1297        1298        1299        1300        1301        1302        1303

  Columns 2588 through 2600

        1304        1305        1306        1307        1308        1309        1310        1311        1312        1313        1314        1315        1316

  Columns 2601 through 2613

        1317        1318        1319        1320        1321        1322        1323        1324        1325        1326        1327        1328        1329

  Columns 2614 through 2626

        1330        1331        1332        1333        1334        1335        1336        1337        1338        1339        1340        1341        1342

  Columns 2627 through 2639

        1343        1344        1345        1346        1347        1348        1349        1350        1351        1352        1353        1354        1355

  Columns 2640 through 2652

        1356        1357        1358        1359        1360        1361        1362        1363        1364        1365        1366        1367        1368

  Columns 2653 through 2665

        1369        1370        1371        1372        1373        1374        1375        1376        1377        1378        1379        1380        1381

  Columns 2666 through 2678

        1382        1383        1384        1385        1386        1387        1388        1389        1390        1391        1392        1393        1394

  Columns 2679 through 2691

        1395        1396        1397        1398        1399        1400        1401        1402        1403        1404        1405        1406        1407

  Columns 2692 through 2704

        1408        1409        1410        1411        1412        1413        1414        1415        1416        1417        1418        1419        1420

  Columns 2705 through 2717

        1421        1422        1423        1424        1425        1426        1427        1428        1429        1430        1431        1432        1433

  Columns 2718 through 2730

        1434        1435        1436        1437        1438        1439        1440        1441        1442        1443        1444        1445        1446

  Columns 2731 through 2743

        1447        1448        1449        1450        1451        1452        1453        1454        1455        1456        1457        1458        1459

  Columns 2744 through 2756

        1460        1461        1462        1463        1464        1465        1466        1467        1468        1469        1470        1471        1472

  Columns 2757 through 2769

        1473        1474        1475        1476        1477        1478        1479        1480        1481        1482        1483        1484        1485

  Columns 2770 through 2782

        1486        1487        1488        1489        1490        1491        1492        1493        1494        1495        1496        1497        1498

  Columns 2783 through 2795

        1499        1500        1501        1502        1503        1504        1505        1506        1507        1508        1509        1510        1511

  Columns 2796 through 2808

        1512        1513        1514        1515        1516        1517        1518        1519        1520        1521        1522        1523        1524

  Columns 2809 through 2821

        1525        1526        1527        1528        1529        1530        1531        1532        1533        1534        1535        1536        1537

  Columns 2822 through 2834

        1538        1539        1540        1541        1542        1543        1544        1545        1546        1547        1548        1549        1550

  Columns 2835 through 2847

        1551        1552        1553        1554        1555        1556        1557        1558        1559        1560        1561        1562        1563

  Columns 2848 through 2860

        1564        1565        1566        1567        1568        1569        1570        1571        1572        1573        1574        1575        1576

  Columns 2861 through 2873

        1577        1578        1579        1580        1581        1582        1583        1584        1585        1586        1587        1588        1589

  Columns 2874 through 2886

        1590        1591        1592        1593        1594        1595        1596        1597        1598        1599        1600        1601        1602

  Columns 2887 through 2899

        1603        1604        1605        1606        1607        1608        1609        1610        1611        1612        1613        1614        1615

  Columns 2900 through 2912

        1616        1617        1618        1619        1620        1621        1622        1623        1624        1625        1626        1627        1628

  Columns 2913 through 2925

        1629        1630        1631        1632        1633        1634        1635        1636        1637        1638        1639        1640        1641

  Columns 2926 through 2938

        1642        1643        1644        1645        1646        1647        1648        1649        1650        1651        1652        1653        1654

  Columns 2939 through 2951

        1655        1656        1657        1658        1659        1660        1661        1662        1663        1664        1665        1666        1667

  Columns 2952 through 2964

        1668        1669        1670        1671        1672        1673        1674        1675        1676        1677        1678        1679        1680

  Columns 2965 through 2977

        1681        1682        1683        1684        1685        1686        1687        1688        1689        1690        1691        1692        1693

  Columns 2978 through 2990

        1694        1695        1696        1697        1698        1699        1700        1701        1702        1703        1704        1705        1706

  Columns 2991 through 2992

        1707        1708

Formatting Measurement to Study
Estimation of Source Currents in Joint Cortical-Subcortical SourceSpace
   445   547   479   633   351   567   691   523   671   491   775   185

         775         445         547         527         185         479         491        2079         633         671         351         567

         775         671         445        2079         547         185         479         527         633         491         351         567

converged per usual
final hybrid solution:388   223   274   264    93   240   246  1040   317   336   176   284
